sep=;
Time;ID;Radius;Inclination;Azimuth
0;999;0;0;0
0;999;0.01745241;0.01745241;0.01745329
0;999;0.0348995;0.0348995;0.03490658
0;999;0.05233596;0.05233596;0.05235988
0;999;0.06975647;0.06975647;0.06981317
0;999;0.08715574;0.08715574;0.08726646
0;999;0.1045285;0.1045285;0.1047198
0;999;0.1218693;0.1218693;0.122173
0;999;0.1391731;0.1391731;0.1396263
0;999;0.1564345;0.1564345;0.1570796
0;999;0.1736482;0.1736482;0.1745329
0;999;0.190809;0.190809;0.1919862
0;999;0.2079117;0.2079117;0.2094395
0;999;0.2249511;0.2249511;0.2268928
0;999;0.2419219;0.2419219;0.2443461
0;999;0.258819;0.258819;0.2617994
0;999;0.2756374;0.2756374;0.2792527
0;999;0.2923717;0.2923717;0.296706
0;999;0.309017;0.309017;0.3141593
0;999;0.3255681;0.3255681;0.3316126
0;999;0.3420202;0.3420202;0.3490658
0;999;0.3583679;0.3583679;0.3665192
0;999;0.3746066;0.3746066;0.3839724
0;999;0.3907312;0.3907312;0.4014257
0;999;0.4067366;0.4067366;0.418879
0;999;0.4226183;0.4226183;0.4363323
0;999;0.4383712;0.4383712;0.4537856
0;999;0.4539905;0.4539905;0.4712389
0;999;0.4694716;0.4694716;0.4886922
0;999;0.4848096;0.4848096;0.5061455
0;999;0.5;0.5;0.5235988
0;999;0.5150381;0.5150381;0.541052
0;999;0.5299193;0.5299193;0.5585054
0;999;0.5446391;0.5446391;0.5759587
0;999;0.559193;0.559193;0.5934119
0;999;0.5735765;0.5735765;0.6108652
0;999;0.5877852;0.5877852;0.6283185
0;999;0.601815;0.601815;0.6457718
0;999;0.6156615;0.6156615;0.6632251
0;999;0.6293204;0.6293204;0.6806784
0;999;0.6427876;0.6427876;0.6981317
0;999;0.656059;0.656059;0.715585
0;999;0.6691306;0.6691306;0.7330383
0;999;0.6819984;0.6819984;0.7504916
0;999;0.6946584;0.6946584;0.7679449
0;999;0.7071068;0.7071068;0.7853982
0;999;0.7193398;0.7193398;0.8028514
0;999;0.7313537;0.7313537;0.8203048
0;999;0.7431449;0.7431449;0.8377581
0;999;0.7547096;0.7547096;0.8552113
0;999;0.7660444;0.7660444;0.8726646
0;999;0.777146;0.777146;0.8901179
0;999;0.7880108;0.7880108;0.9075712
0;999;0.7986355;0.7986355;0.9250245
0;999;0.809017;0.809017;0.9424778
0;999;0.8191521;0.8191521;0.9599311
0;999;0.8290375;0.8290375;0.9773844
0;999;0.8386706;0.8386706;0.9948376
0;999;0.8480481;0.8480481;1.012291
0;999;0.8571673;0.8571673;1.029744
0;999;0.8660254;0.8660254;1.047198
0;999;0.8746197;0.8746197;1.064651
0;999;0.8829476;0.8829476;1.082104
0;999;0.8910065;0.8910065;1.099557
0;999;0.8987941;0.8987941;1.117011
0;999;0.9063078;0.9063078;1.134464
0;999;0.9135455;0.9135455;1.151917
0;999;0.9205049;0.9205049;1.169371
0;999;0.9271839;0.9271839;1.186824
0;999;0.9335805;0.9335805;1.204277
0;999;0.9396926;0.9396926;1.22173
0;999;0.9455186;0.9455186;1.239184
0;999;0.9510565;0.9510565;1.256637
0;999;0.9563048;0.9563048;1.27409
0;999;0.9612617;0.9612617;1.291544
0;999;0.9659258;0.9659258;1.308997
0;999;0.9702957;0.9702957;1.32645
0;999;0.9743701;0.9743701;1.343904
0;999;0.9781476;0.9781476;1.361357
0;999;0.9816272;0.9816272;1.37881
0;999;0.9848078;0.9848078;1.396263
0;999;0.9876884;0.9876884;1.413717
0;999;0.9902681;0.9902681;1.43117
0;999;0.9925461;0.9925461;1.448623
0;999;0.9945219;0.9945219;1.466077
0;999;0.9961947;0.9961947;1.48353
0;999;0.9975641;0.9975641;1.500983
0;999;0.9986295;0.9986295;1.518436
0;999;0.9993908;0.9993908;1.53589
0;999;0.9998477;0.9998477;1.553343
0;999;1;1;1.570796
0;999;0.9998477;0.9998477;1.58825
0;999;0.9993908;0.9993908;1.605703
0;999;0.9986295;0.9986295;1.623156
0;999;0.9975641;0.9975641;1.64061
0;999;0.9961947;0.9961947;1.658063
0;999;0.9945219;0.9945219;1.675516
0;999;0.9925461;0.9925461;1.692969
0;999;0.9902681;0.9902681;1.710423
0;999;0.9876884;0.9876884;1.727876
0;999;0.9848077;0.9848077;1.745329
0;999;0.9816272;0.9816272;1.762783
0;999;0.9781476;0.9781476;1.780236
0;999;0.9743701;0.9743701;1.797689
0;999;0.9702957;0.9702957;1.815142
0;999;0.9659258;0.9659258;1.832596
0;999;0.9612617;0.9612617;1.850049
0;999;0.9563047;0.9563047;1.867502
0;999;0.9510565;0.9510565;1.884956
0;999;0.9455186;0.9455186;1.902409
0;999;0.9396926;0.9396926;1.919862
0;999;0.9335805;0.9335805;1.937315
0;999;0.9271839;0.9271839;1.954769
0;999;0.9205049;0.9205049;1.972222
0;999;0.9135454;0.9135454;1.989675
0;999;0.9063078;0.9063078;2.007129
0;999;0.8987941;0.8987941;2.024582
0;999;0.8910065;0.8910065;2.042035
0;999;0.8829476;0.8829476;2.059489
0;999;0.8746196;0.8746196;2.076942
0;999;0.8660254;0.8660254;2.094395
0;999;0.8571673;0.8571673;2.111848
0;999;0.848048;0.848048;2.129302
0;999;0.8386706;0.8386706;2.146755
0;999;0.8290375;0.8290375;2.164208
0;999;0.819152;0.819152;2.181662
0;999;0.809017;0.809017;2.199115
0;999;0.7986355;0.7986355;2.216568
0;999;0.7880108;0.7880108;2.234021
0;999;0.7771459;0.7771459;2.251475
0;999;0.7660444;0.7660444;2.268928
0;999;0.7547095;0.7547095;2.286381
0;999;0.7431448;0.7431448;2.303835
0;999;0.7313537;0.7313537;2.321288
0;999;0.7193397;0.7193397;2.338741
0;999;0.7071068;0.7071068;2.356194
0;999;0.6946583;0.6946583;2.373648
0;999;0.6819983;0.6819983;2.391101
0;999;0.6691304;0.6691304;2.408554
0;999;0.656059;0.656059;2.426008
0;999;0.6427876;0.6427876;2.443461
0;999;0.6293203;0.6293203;2.460914
0;999;0.6156614;0.6156614;2.478368
0;999;0.6018149;0.6018149;2.495821
0;999;0.5877852;0.5877852;2.513274
0;999;0.5735765;0.5735765;2.530727
0;999;0.5591928;0.5591928;2.548181
0;999;0.5446391;0.5446391;2.565634
0;999;0.5299191;0.5299191;2.583087
0;999;0.515038;0.515038;2.600541
0;999;0.5000001;0.5000001;2.617994
0;999;0.4848095;0.4848095;2.635447
0;999;0.4694716;0.4694716;2.6529
0;999;0.4539904;0.4539904;2.670354
0;999;0.4383711;0.4383711;2.687807
0;999;0.4226181;0.4226181;2.70526
0;999;0.4067366;0.4067366;2.722714
0;999;0.3907312;0.3907312;2.740167
0;999;0.3746065;0.3746065;2.75762
0;999;0.3583679;0.3583679;2.775074
0;999;0.34202;0.34202;2.792527
0;999;0.3255681;0.3255681;2.80998
0;999;0.3090168;0.3090168;2.827433
0;999;0.2923716;0.2923716;2.844887
0;999;0.2756374;0.2756374;2.86234
0;999;0.2588189;0.2588189;2.879793
0;999;0.2419219;0.2419219;2.897247
0;999;0.2249509;0.2249509;2.9147
0;999;0.2079116;0.2079116;2.932153
0;999;0.190809;0.190809;2.949606
0;999;0.1736481;0.1736481;2.96706
0;999;0.1564344;0.1564344;2.984513
0;999;0.1391729;0.1391729;3.001966
0;999;0.1218693;0.1218693;3.01942
0;999;0.1045285;0.1045285;3.036873
0;999;0.08715564;0.08715564;3.054326
0;999;0.06975647;0.06975647;3.071779
0;999;0.05233581;0.05233581;3.089233
0;999;0.03489945;0.03489945;3.106686
0;999;0.01745222;0.01745222;3.124139
1;999;0;0;0
1;999;0.01745241;0.01745241;0.01745329
1;999;0.0348995;0.0348995;0.03490658
1;999;0.05233596;0.05233596;0.05235988
1;999;0.06975647;0.06975647;0.06981317
1;999;0.08715574;0.08715574;0.08726646
1;999;0.1045285;0.1045285;0.1047198
1;999;0.1218693;0.1218693;0.122173
1;999;0.1391731;0.1391731;0.1396263
1;999;0.1564345;0.1564345;0.1570796
1;999;0.1736482;0.1736482;0.1745329
1;999;0.190809;0.190809;0.1919862
1;999;0.2079117;0.2079117;0.2094395
1;999;0.2249511;0.2249511;0.2268928
1;999;0.2419219;0.2419219;0.2443461
1;999;0.258819;0.258819;0.2617994
1;999;0.2756374;0.2756374;0.2792527
1;999;0.2923717;0.2923717;0.296706
1;999;0.309017;0.309017;0.3141593
1;999;0.3255681;0.3255681;0.3316126
1;999;0.3420202;0.3420202;0.3490658
1;999;0.3583679;0.3583679;0.3665192
1;999;0.3746066;0.3746066;0.3839724
1;999;0.3907312;0.3907312;0.4014257
1;999;0.4067366;0.4067366;0.418879
1;999;0.4226183;0.4226183;0.4363323
1;999;0.4383712;0.4383712;0.4537856
1;999;0.4539905;0.4539905;0.4712389
1;999;0.4694716;0.4694716;0.4886922
1;999;0.4848096;0.4848096;0.5061455
1;999;0.5;0.5;0.5235988
1;999;0.5150381;0.5150381;0.541052
1;999;0.5299193;0.5299193;0.5585054
1;999;0.5446391;0.5446391;0.5759587
1;999;0.559193;0.559193;0.5934119
1;999;0.5735765;0.5735765;0.6108652
1;999;0.5877852;0.5877852;0.6283185
1;999;0.601815;0.601815;0.6457718
1;999;0.6156615;0.6156615;0.6632251
1;999;0.6293204;0.6293204;0.6806784
1;999;0.6427876;0.6427876;0.6981317
1;999;0.656059;0.656059;0.715585
1;999;0.6691306;0.6691306;0.7330383
1;999;0.6819984;0.6819984;0.7504916
1;999;0.6946584;0.6946584;0.7679449
1;999;0.7071068;0.7071068;0.7853982
1;999;0.7193398;0.7193398;0.8028514
1;999;0.7313537;0.7313537;0.8203048
1;999;0.7431449;0.7431449;0.8377581
1;999;0.7547096;0.7547096;0.8552113
1;999;0.7660444;0.7660444;0.8726646
1;999;0.777146;0.777146;0.8901179
1;999;0.7880108;0.7880108;0.9075712
1;999;0.7986355;0.7986355;0.9250245
1;999;0.809017;0.809017;0.9424778
1;999;0.8191521;0.8191521;0.9599311
1;999;0.8290375;0.8290375;0.9773844
1;999;0.8386706;0.8386706;0.9948376
1;999;0.8480481;0.8480481;1.012291
1;999;0.8571673;0.8571673;1.029744
1;999;0.8660254;0.8660254;1.047198
1;999;0.8746197;0.8746197;1.064651
1;999;0.8829476;0.8829476;1.082104
1;999;0.8910065;0.8910065;1.099557
1;999;0.8987941;0.8987941;1.117011
1;999;0.9063078;0.9063078;1.134464
1;999;0.9135455;0.9135455;1.151917
1;999;0.9205049;0.9205049;1.169371
1;999;0.9271839;0.9271839;1.186824
1;999;0.9335805;0.9335805;1.204277
1;999;0.9396926;0.9396926;1.22173
1;999;0.9455186;0.9455186;1.239184
1;999;0.9510565;0.9510565;1.256637
1;999;0.9563048;0.9563048;1.27409
1;999;0.9612617;0.9612617;1.291544
1;999;0.9659258;0.9659258;1.308997
1;999;0.9702957;0.9702957;1.32645
1;999;0.9743701;0.9743701;1.343904
1;999;0.9781476;0.9781476;1.361357
1;999;0.9816272;0.9816272;1.37881
1;999;0.9848078;0.9848078;1.396263
1;999;0.9876884;0.9876884;1.413717
1;999;0.9902681;0.9902681;1.43117
1;999;0.9925461;0.9925461;1.448623
1;999;0.9945219;0.9945219;1.466077
1;999;0.9961947;0.9961947;1.48353
1;999;0.9975641;0.9975641;1.500983
1;999;0.9986295;0.9986295;1.518436
1;999;0.9993908;0.9993908;1.53589
1;999;0.9998477;0.9998477;1.553343
1;999;1;1;1.570796
1;999;0.9998477;0.9998477;1.58825
1;999;0.9993908;0.9993908;1.605703
1;999;0.9986295;0.9986295;1.623156
1;999;0.9975641;0.9975641;1.64061
1;999;0.9961947;0.9961947;1.658063
1;999;0.9945219;0.9945219;1.675516
1;999;0.9925461;0.9925461;1.692969
1;999;0.9902681;0.9902681;1.710423
1;999;0.9876884;0.9876884;1.727876
1;999;0.9848077;0.9848077;1.745329
1;999;0.9816272;0.9816272;1.762783
1;999;0.9781476;0.9781476;1.780236
1;999;0.9743701;0.9743701;1.797689
1;999;0.9702957;0.9702957;1.815142
1;999;0.9659258;0.9659258;1.832596
1;999;0.9612617;0.9612617;1.850049
1;999;0.9563047;0.9563047;1.867502
1;999;0.9510565;0.9510565;1.884956
1;999;0.9455186;0.9455186;1.902409
1;999;0.9396926;0.9396926;1.919862
1;999;0.9335805;0.9335805;1.937315
1;999;0.9271839;0.9271839;1.954769
1;999;0.9205049;0.9205049;1.972222
1;999;0.9135454;0.9135454;1.989675
1;999;0.9063078;0.9063078;2.007129
1;999;0.8987941;0.8987941;2.024582
1;999;0.8910065;0.8910065;2.042035
1;999;0.8829476;0.8829476;2.059489
1;999;0.8746196;0.8746196;2.076942
1;999;0.8660254;0.8660254;2.094395
1;999;0.8571673;0.8571673;2.111848
1;999;0.848048;0.848048;2.129302
1;999;0.8386706;0.8386706;2.146755
1;999;0.8290375;0.8290375;2.164208
1;999;0.819152;0.819152;2.181662
1;999;0.809017;0.809017;2.199115
1;999;0.7986355;0.7986355;2.216568
1;999;0.7880108;0.7880108;2.234021
1;999;0.7771459;0.7771459;2.251475
1;999;0.7660444;0.7660444;2.268928
1;999;0.7547095;0.7547095;2.286381
1;999;0.7431448;0.7431448;2.303835
1;999;0.7313537;0.7313537;2.321288
1;999;0.7193397;0.7193397;2.338741
1;999;0.7071068;0.7071068;2.356194
1;999;0.6946583;0.6946583;2.373648
1;999;0.6819983;0.6819983;2.391101
1;999;0.6691304;0.6691304;2.408554
1;999;0.656059;0.656059;2.426008
1;999;0.6427876;0.6427876;2.443461
1;999;0.6293203;0.6293203;2.460914
1;999;0.6156614;0.6156614;2.478368
1;999;0.6018149;0.6018149;2.495821
1;999;0.5877852;0.5877852;2.513274
1;999;0.5735765;0.5735765;2.530727
1;999;0.5591928;0.5591928;2.548181
1;999;0.5446391;0.5446391;2.565634
1;999;0.5299191;0.5299191;2.583087
1;999;0.515038;0.515038;2.600541
1;999;0.5000001;0.5000001;2.617994
1;999;0.4848095;0.4848095;2.635447
1;999;0.4694716;0.4694716;2.6529
1;999;0.4539904;0.4539904;2.670354
1;999;0.4383711;0.4383711;2.687807
1;999;0.4226181;0.4226181;2.70526
1;999;0.4067366;0.4067366;2.722714
1;999;0.3907312;0.3907312;2.740167
1;999;0.3746065;0.3746065;2.75762
1;999;0.3583679;0.3583679;2.775074
1;999;0.34202;0.34202;2.792527
1;999;0.3255681;0.3255681;2.80998
1;999;0.3090168;0.3090168;2.827433
1;999;0.2923716;0.2923716;2.844887
1;999;0.2756374;0.2756374;2.86234
1;999;0.2588189;0.2588189;2.879793
1;999;0.2419219;0.2419219;2.897247
1;999;0.2249509;0.2249509;2.9147
1;999;0.2079116;0.2079116;2.932153
1;999;0.190809;0.190809;2.949606
1;999;0.1736481;0.1736481;2.96706
1;999;0.1564344;0.1564344;2.984513
1;999;0.1391729;0.1391729;3.001966
1;999;0.1218693;0.1218693;3.01942
1;999;0.1045285;0.1045285;3.036873
1;999;0.08715564;0.08715564;3.054326
1;999;0.06975647;0.06975647;3.071779
1;999;0.05233581;0.05233581;3.089233
1;999;0.03489945;0.03489945;3.106686
1;999;0.01745222;0.01745222;3.124139
2;999;0;0;0
2;999;0.01745241;0.01745241;0.01745329
2;999;0.0348995;0.0348995;0.03490658
2;999;0.05233596;0.05233596;0.05235988
2;999;0.06975647;0.06975647;0.06981317
2;999;0.08715574;0.08715574;0.08726646
2;999;0.1045285;0.1045285;0.1047198
2;999;0.1218693;0.1218693;0.122173
2;999;0.1391731;0.1391731;0.1396263
2;999;0.1564345;0.1564345;0.1570796
2;999;0.1736482;0.1736482;0.1745329
2;999;0.190809;0.190809;0.1919862
2;999;0.2079117;0.2079117;0.2094395
2;999;0.2249511;0.2249511;0.2268928
2;999;0.2419219;0.2419219;0.2443461
2;999;0.258819;0.258819;0.2617994
2;999;0.2756374;0.2756374;0.2792527
2;999;0.2923717;0.2923717;0.296706
2;999;0.309017;0.309017;0.3141593
2;999;0.3255681;0.3255681;0.3316126
2;999;0.3420202;0.3420202;0.3490658
2;999;0.3583679;0.3583679;0.3665192
2;999;0.3746066;0.3746066;0.3839724
2;999;0.3907312;0.3907312;0.4014257
2;999;0.4067366;0.4067366;0.418879
2;999;0.4226183;0.4226183;0.4363323
2;999;0.4383712;0.4383712;0.4537856
2;999;0.4539905;0.4539905;0.4712389
2;999;0.4694716;0.4694716;0.4886922
2;999;0.4848096;0.4848096;0.5061455
2;999;0.5;0.5;0.5235988
2;999;0.5150381;0.5150381;0.541052
2;999;0.5299193;0.5299193;0.5585054
2;999;0.5446391;0.5446391;0.5759587
2;999;0.559193;0.559193;0.5934119
2;999;0.5735765;0.5735765;0.6108652
2;999;0.5877852;0.5877852;0.6283185
2;999;0.601815;0.601815;0.6457718
2;999;0.6156615;0.6156615;0.6632251
2;999;0.6293204;0.6293204;0.6806784
2;999;0.6427876;0.6427876;0.6981317
2;999;0.656059;0.656059;0.715585
2;999;0.6691306;0.6691306;0.7330383
2;999;0.6819984;0.6819984;0.7504916
2;999;0.6946584;0.6946584;0.7679449
2;999;0.7071068;0.7071068;0.7853982
2;999;0.7193398;0.7193398;0.8028514
2;999;0.7313537;0.7313537;0.8203048
2;999;0.7431449;0.7431449;0.8377581
2;999;0.7547096;0.7547096;0.8552113
2;999;0.7660444;0.7660444;0.8726646
2;999;0.777146;0.777146;0.8901179
2;999;0.7880108;0.7880108;0.9075712
2;999;0.7986355;0.7986355;0.9250245
2;999;0.809017;0.809017;0.9424778
2;999;0.8191521;0.8191521;0.9599311
2;999;0.8290375;0.8290375;0.9773844
2;999;0.8386706;0.8386706;0.9948376
2;999;0.8480481;0.8480481;1.012291
2;999;0.8571673;0.8571673;1.029744
2;999;0.8660254;0.8660254;1.047198
2;999;0.8746197;0.8746197;1.064651
2;999;0.8829476;0.8829476;1.082104
2;999;0.8910065;0.8910065;1.099557
2;999;0.8987941;0.8987941;1.117011
2;999;0.9063078;0.9063078;1.134464
2;999;0.9135455;0.9135455;1.151917
2;999;0.9205049;0.9205049;1.169371
2;999;0.9271839;0.9271839;1.186824
2;999;0.9335805;0.9335805;1.204277
2;999;0.9396926;0.9396926;1.22173
2;999;0.9455186;0.9455186;1.239184
2;999;0.9510565;0.9510565;1.256637
2;999;0.9563048;0.9563048;1.27409
2;999;0.9612617;0.9612617;1.291544
2;999;0.9659258;0.9659258;1.308997
2;999;0.9702957;0.9702957;1.32645
2;999;0.9743701;0.9743701;1.343904
2;999;0.9781476;0.9781476;1.361357
2;999;0.9816272;0.9816272;1.37881
2;999;0.9848078;0.9848078;1.396263
2;999;0.9876884;0.9876884;1.413717
2;999;0.9902681;0.9902681;1.43117
2;999;0.9925461;0.9925461;1.448623
2;999;0.9945219;0.9945219;1.466077
2;999;0.9961947;0.9961947;1.48353
2;999;0.9975641;0.9975641;1.500983
2;999;0.9986295;0.9986295;1.518436
2;999;0.9993908;0.9993908;1.53589
2;999;0.9998477;0.9998477;1.553343
2;999;1;1;1.570796
2;999;0.9998477;0.9998477;1.58825
2;999;0.9993908;0.9993908;1.605703
2;999;0.9986295;0.9986295;1.623156
2;999;0.9975641;0.9975641;1.64061
2;999;0.9961947;0.9961947;1.658063
2;999;0.9945219;0.9945219;1.675516
2;999;0.9925461;0.9925461;1.692969
2;999;0.9902681;0.9902681;1.710423
2;999;0.9876884;0.9876884;1.727876
2;999;0.9848077;0.9848077;1.745329
2;999;0.9816272;0.9816272;1.762783
2;999;0.9781476;0.9781476;1.780236
2;999;0.9743701;0.9743701;1.797689
2;999;0.9702957;0.9702957;1.815142
2;999;0.9659258;0.9659258;1.832596
2;999;0.9612617;0.9612617;1.850049
2;999;0.9563047;0.9563047;1.867502
2;999;0.9510565;0.9510565;1.884956
2;999;0.9455186;0.9455186;1.902409
2;999;0.9396926;0.9396926;1.919862
2;999;0.9335805;0.9335805;1.937315
2;999;0.9271839;0.9271839;1.954769
2;999;0.9205049;0.9205049;1.972222
2;999;0.9135454;0.9135454;1.989675
2;999;0.9063078;0.9063078;2.007129
2;999;0.8987941;0.8987941;2.024582
2;999;0.8910065;0.8910065;2.042035
2;999;0.8829476;0.8829476;2.059489
2;999;0.8746196;0.8746196;2.076942
2;999;0.8660254;0.8660254;2.094395
2;999;0.8571673;0.8571673;2.111848
2;999;0.848048;0.848048;2.129302
2;999;0.8386706;0.8386706;2.146755
2;999;0.8290375;0.8290375;2.164208
2;999;0.819152;0.819152;2.181662
2;999;0.809017;0.809017;2.199115
2;999;0.7986355;0.7986355;2.216568
2;999;0.7880108;0.7880108;2.234021
2;999;0.7771459;0.7771459;2.251475
2;999;0.7660444;0.7660444;2.268928
2;999;0.7547095;0.7547095;2.286381
2;999;0.7431448;0.7431448;2.303835
2;999;0.7313537;0.7313537;2.321288
2;999;0.7193397;0.7193397;2.338741
2;999;0.7071068;0.7071068;2.356194
2;999;0.6946583;0.6946583;2.373648
2;999;0.6819983;0.6819983;2.391101
2;999;0.6691304;0.6691304;2.408554
2;999;0.656059;0.656059;2.426008
2;999;0.6427876;0.6427876;2.443461
2;999;0.6293203;0.6293203;2.460914
2;999;0.6156614;0.6156614;2.478368
2;999;0.6018149;0.6018149;2.495821
2;999;0.5877852;0.5877852;2.513274
2;999;0.5735765;0.5735765;2.530727
2;999;0.5591928;0.5591928;2.548181
2;999;0.5446391;0.5446391;2.565634
2;999;0.5299191;0.5299191;2.583087
2;999;0.515038;0.515038;2.600541
2;999;0.5000001;0.5000001;2.617994
2;999;0.4848095;0.4848095;2.635447
2;999;0.4694716;0.4694716;2.6529
2;999;0.4539904;0.4539904;2.670354
2;999;0.4383711;0.4383711;2.687807
2;999;0.4226181;0.4226181;2.70526
2;999;0.4067366;0.4067366;2.722714
2;999;0.3907312;0.3907312;2.740167
2;999;0.3746065;0.3746065;2.75762
2;999;0.3583679;0.3583679;2.775074
2;999;0.34202;0.34202;2.792527
2;999;0.3255681;0.3255681;2.80998
2;999;0.3090168;0.3090168;2.827433
2;999;0.2923716;0.2923716;2.844887
2;999;0.2756374;0.2756374;2.86234
2;999;0.2588189;0.2588189;2.879793
2;999;0.2419219;0.2419219;2.897247
2;999;0.2249509;0.2249509;2.9147
2;999;0.2079116;0.2079116;2.932153
2;999;0.190809;0.190809;2.949606
2;999;0.1736481;0.1736481;2.96706
2;999;0.1564344;0.1564344;2.984513
2;999;0.1391729;0.1391729;3.001966
2;999;0.1218693;0.1218693;3.01942
2;999;0.1045285;0.1045285;3.036873
2;999;0.08715564;0.08715564;3.054326
2;999;0.06975647;0.06975647;3.071779
2;999;0.05233581;0.05233581;3.089233
2;999;0.03489945;0.03489945;3.106686
2;999;0.01745222;0.01745222;3.124139

